0 1
1 7
2 61
3 608
4 6083
5 60794
6 607926
7 6079291
8 60792694
9 607927124
10 6079270942
11 60792710280
12 607927102274
13 6079271018294
14 60792710185947
15 607927101854103
16 6079271018540405
17 60792710185403794
18 607927101854022750
19 6079271018540280875
20 60792710185402613302
21 607927101854026645617
22 6079271018540266153468
23 60792710185402662868753
24 607927101854026628773299
25 6079271018540266286424910
26 60792710185402662866945299
27 607927101854026628664226541
28 6079271018540266286631251028
29 60792710185402662866327383816
30 607927101854026628663278087296
31 6079271018540266286632795633943
32 60792710185402662866327694188957
33 607927101854026628663276901540346
34 6079271018540266286632767883637220
35 60792710185402662866327677953999263
36 607927101854026628663276779463775476
